PSS
1
2
3
4
5
7
9
10
13
15
16
18
19
21
22
24
25
26
27
29
37
38
39
41
43
45
46
47
48
50
51
52
53
54
56
57
58
59
61
62
63
65
66
67
68
69
71
72
75
76
77
78
81
82
83
84
85
86
87
88
89
93
94
95
98
99
104
107
110
111
114
115
118
119
120
122
123
124
126
127
129
130
131
133
134
135
136
138
139
141
142
143
144
147
148
149
152
153
155
156
158
161
162
163
164
165
166
168
169
173
174
175
177
178
181
182
183
184
186
188
190
191
192
193
194
195
196
197
199
201
202
203
206
216
217
218
219
221
222
223
224
226
229
230
232
233
234
235
236
237
240
241
242
244
248
253
255
259
260
261
263
264
265
267
268
270
271
272
274
275
276
278
279
280
281
282
284
286
288
289
291
292
293
295
296
302
305
306
307
311
313
