5 
10 
14 
17 
24 
27 
33 
40 
46 
49 
55 
59 
60 
61 
64 
66 
70 
81 
86 
93 
98 
100 
109 
111 
112 
119 
121 
122 
125 
130 
137 
138 
143 
150 
159 
172 
174 
175 
180 
188 
189 
191 
192 
198 
201 
207 
219 
230 
237 
238 
246 
248 
250 
255 
265 
268 
269 
270 
272 
273 
274 
275 
285 
295 
299 
307 
308 
311 
312 
323 
329 
350 
354 
355 
356 
365 
366 
371 
372 
373 
374 
375 
386 
387 
389 
390 
397 
400 
401 
402 
404 
408 
416 
419 
428 
429 
431 
435 
436 
441 
444 
445 
448 
449 
451 
460 
461 
462 
465 
483 
486 
489 
498 
503 
504 
505 
508 
511 
513 
518 
521 
528 
530 
534 
