0
1
3
4
5
7
8
9
10
11
12
13
14
15
16
17
20
21
22
23
24
26
29
30
32
33
34
35
36
37
38
39
40
41
42
43
44
46
48
49
51
53
54
59
62
63
64
67
68
69
71
72
75
76
78
80
81
83
84
85
87
88
89
92
93
96
97
100
104
107
108
110
111
113
114
116
117
120
121
122
123
124
125
129
130
131
132
133
135
136
138
139
141
142
143
144
146
148
149
151
152
153
155
156
157
159
160
161
163
164
165
166
167
168
169
171
172
173
175
176
178
179
180
181
182
183
184
185
186
187
188
189
192
193
194
195
196
198
199
200
202
203
205
206
207
208
211
212
213
215
217
218
220
221
222
225
226
228
229
230
233
234
235
238
239
240
241
242
243
248
253
256
258
261
263
265
267
268
269
270
271
273
278
279
280
281
282
285
287
289
290
291
292
293
294
295
296
297
299
302
303
304
305
306
307
309
310
311
313
314
315
317
322
323
325
326
328
330
331
334
335
340
341
344
345
348
349
351
352
353
355
358
359
362
367
369
370
372
373
374
375
376
377
379
382
383
387
390
391
393
396
397
399
400
401
403
405
406
407
408
412
414
415
416
417
420
422
423
425
429
432
433
437
438
439
440
441
442
443
444
445
446
447
448
449
450
451
454
455
457
458
461
462
463
464
466
468
469
470
471
472
473
475
478
479
480
481
482
483
485
487
489
492
494
497
498
500
503
504
507
508
509
510
511
512
513
514
515
516
517
519
520
521
522
523
527
528
529
532
533
536
537
538
544
546
549
550
552
554
555
558
559
560
561
562
563
565
566
568
569
570
572
573
574
575
578
579
580
582
584
586
587
588
589
590
591
592
594
595
596
597
598
599
600
602
603
604
605
607
609
610
613
615
616
617
618
619
620
621
623
624
625
626
627
629
630
631
633
634
637
638
A
B
C
D
E
F
